Demosaiced Image:
[[0, 0, 0], [0, 0, 0], [0, 0, 0], [0, 0, 0], [0, 0, 0], [0, 0, 0], [0, 0, 0], [0, 0, 0], [0, 0, 0], [0, 0, 0], [0, 0, 0], [0, 0, 0], [0, 0, 0], [0, 0, 0], [0, 0, 0], [0, 0, 0], [0, 0, 0], [0, 0, 0], [0, 0, 0], [0, 0, 0]]
[[0, 0, 0], [169, 56, 32], [199, 26, 32], [175, 54, 33], [152, 75, 53], [150, 84, 74], [148, 89, 107], [141, 116, 141], [134, 134, 140], [111, 203, 139], [88, 234, 155], [81, 168, 171], [73, 195, 137], [73, 129, 104], [74, 92, 71], [108, 133, 39], [142, 158, 114], [174, 125, 189], [206, 84, 147], [0, 0, 0]]
[[0, 0, 0], [137, 49, 119], [246, 60, 119], [151, 31, 118], [56, 61, 98], [101, 106, 79], [147, 118, 131], [170, 146, 184], [194, 172, 147], [100, 239, 110], [6, 203, 125], [21, 121, 139], [37, 178, 105], [31, 208, 72], [26, 123, 88], [94, 49, 105], [162, 77, 137], [165, 55, 169], [169, 90, 114], [0, 0, 0]]
[[0, 0, 0], [147, 112, 207], [248, 136, 205], [151, 79, 204], [54, 35, 144], [96, 69, 84], [137, 131, 156], [165, 116, 228], [193, 171, 155], [115, 172, 82], [38, 218, 95], [40, 172, 108], [42, 188, 74], [69, 170, 40], [96, 144, 106], [91, 76, 172], [86, 47, 160], [92, 43, 149], [98, 46, 81], [0, 0, 0]]
[[0, 0, 0], [158, 135, 188], [251, 124, 200], [152, 115, 213], [53, 86, 179], [90, 5, 145], [128, 75, 172], [160, 18, 200], [192, 117, 133], [131, 60, 67], [70, 146, 88], [58, 161, 109], [47, 162, 82], [107, 140, 55], [167, 88, 72], [89, 66, 90], [11, 96, 116], [19, 25, 141], [28, 45, 119], [0, 0, 0]]
[[0, 0, 0], [138, 101, 169], [229, 111, 195], [184, 146, 222], [138, 190, 214], [118, 96, 207], [99, 149, 189], [99, 148, 172], [99, 220, 112], [119, 159, 53], [140, 147, 82], [105, 132, 111], [70, 160, 90], [139, 86, 70], [209, 5, 39], [121, 107, 9], [33, 247, 71], [44, 98, 134], [55, 103, 157], [0, 0, 0]]
[[0, 0, 0], [118, 137, 150], [208, 135, 184], [216, 168, 217], [224, 122, 215], [147, 40, 213], [70, 100, 209], [38, 205, 206], [7, 161, 130], [108, 209, 55], [210, 158, 77], [151, 63, 99], [93, 98, 118], [172, 39, 137], [252, 44, 114], [154, 113, 90], [56, 142, 126], [69, 17, 162], [82, 124, 154], [0, 0, 0]]
[[0, 0, 0], [141, 120, 132], [141, 125, 172], [133, 146, 213], [126, 92, 216], [139, 71, 219], [152, 8, 230], [97, 110, 241], [42, 13, 149], [78, 115, 57], [113, 213, 72], [125, 140, 87], [137, 130, 146], [175, 101, 205], [213, 22, 188], [124, 128, 172], [36, 191, 181], [97, 107, 191], [158, 222, 152], [0, 0, 0]]
[[0, 0, 0], [164, 82, 146], [75, 113, 185], [51, 201, 225], [28, 120, 211], [131, 145, 197], [235, 136, 203], [156, 217, 209], [78, 77, 175], [47, 25, 142], [17, 121, 124], [99, 155, 106], [181, 169, 140], [178, 213, 174], [175, 141, 162], [95, 188, 149], [16, 145, 179], [125, 1, 210], [234, 137, 177], [0, 0, 0]]
[[0, 0, 0], [0, 0, 0], [0, 0, 0], [0, 0, 0], [0, 0, 0], [0, 0, 0], [0, 0, 0], [0, 0, 0], [0, 0, 0], [0, 0, 0], [0, 0, 0], [0, 0, 0], [0, 0, 0], [0, 0, 0], [0, 0, 0], [0, 0, 0], [0, 0, 0], [0, 0, 0], [0, 0, 0], [0, 0, 0]]
