Bayer's filter generated image:
[[251, 0, 0], [0, 67, 0], [153, 0, 0], [0, 87, 0], [248, 0, 0], [0, 68, 0], [150, 0, 0], [0, 95, 0], [74, 0, 0], [0, 208, 0], [171, 0, 0], [0, 123, 0], [110, 0, 0], [0, 24, 0], [122, 0, 0], [0, 236, 0], [122, 0, 0], [0, 205, 0], [243, 0, 0], [0, 15, 0]]
[[0, 84, 0], [0, 0, 32], [0, 26, 0], [0, 0, 33], [0, 75, 0], [0, 0, 74], [0, 89, 0], [0, 0, 141], [0, 134, 0], [0, 0, 139], [0, 234, 0], [0, 0, 171], [0, 195, 0], [0, 0, 104], [0, 92, 0], [0, 0, 39], [0, 158, 0], [0, 0, 189], [0, 84, 0], [0, 0, 106]]
[[28, 0, 0], [0, 49, 0], [246, 0, 0], [0, 31, 0], [56, 0, 0], [0, 106, 0], [147, 0, 0], [0, 146, 0], [194, 0, 0], [0, 239, 0], [6, 0, 0], [0, 121, 0], [37, 0, 0], [0, 208, 0], [26, 0, 0], [0, 49, 0], [162, 0, 0], [0, 55, 0], [169, 0, 0], [0, 177, 0]]
[[0, 129, 0], [0, 0, 207], [0, 136, 0], [0, 0, 204], [0, 35, 0], [0, 0, 84], [0, 131, 0], [0, 0, 228], [0, 171, 0], [0, 0, 82], [0, 218, 0], [0, 0, 108], [0, 188, 0], [0, 0, 40], [0, 144, 0], [0, 0, 172], [0, 47, 0], [0, 0, 149], [0, 46, 0], [0, 0, 14]]
[[65, 0, 0], [0, 135, 0], [251, 0, 0], [0, 115, 0], [53, 0, 0], [0, 5, 0], [128, 0, 0], [0, 18, 0], [192, 0, 0], [0, 60, 0], [70, 0, 0], [0, 161, 0], [47, 0, 0], [0, 140, 0], [167, 0, 0], [0, 66, 0], [11, 0, 0], [0, 25, 0], [28, 0, 0], [0, 9, 0]]
[[0, 21, 0], [0, 0, 169], [0, 111, 0], [0, 0, 222], [0, 190, 0], [0, 0, 207], [0, 149, 0], [0, 0, 172], [0, 220, 0], [0, 0, 53], [0, 147, 0], [0, 0, 111], [0, 160, 0], [0, 0, 70], [0, 5, 0], [0, 0, 9], [0, 247, 0], [0, 0, 134], [0, 103, 0], [0, 0, 180]]
[[29, 0, 0], [0, 137, 0], [208, 0, 0], [0, 168, 0], [224, 0, 0], [0, 40, 0], [70, 0, 0], [0, 205, 0], [7, 0, 0], [0, 209, 0], [210, 0, 0], [0, 63, 0], [93, 0, 0], [0, 39, 0], [252, 0, 0], [0, 113, 0], [56, 0, 0], [0, 17, 0], [82, 0, 0], [0, 156, 0]]
[[0, 139, 0], [0, 0, 132], [0, 125, 0], [0, 0, 213], [0, 92, 0], [0, 0, 219], [0, 8, 0], [0, 0, 241], [0, 13, 0], [0, 0, 57], [0, 213, 0], [0, 0, 87], [0, 130, 0], [0, 0, 205], [0, 22, 0], [0, 0, 172], [0, 191, 0], [0, 0, 191], [0, 222, 0], [0, 0, 113]]
[[254, 0, 0], [0, 82, 0], [75, 0, 0], [0, 201, 0], [28, 0, 0], [0, 145, 0], [235, 0, 0], [0, 217, 0], [78, 0, 0], [0, 25, 0], [17, 0, 0], [0, 155, 0], [181, 0, 0], [0, 213, 0], [175, 0, 0], [0, 188, 0], [16, 0, 0], [0, 1, 0], [234, 0, 0], [0, 132, 0]]
[[0, 24, 0], [0, 0, 161], [0, 46, 0], [0, 0, 237], [0, 44, 0], [0, 0, 175], [0, 175, 0], [0, 0, 177], [0, 53, 0], [0, 0, 228], [0, 93, 0], [0, 0, 125], [0, 178, 0], [0, 0, 144], [0, 144, 0], [0, 0, 127], [0, 202, 0], [0, 0, 229], [0, 193, 0], [0, 0, 175]]
